说明：字符位置11-16为气压，19-23为高度，26-31为气温，34-38为湿度，48-50为风向，53-57为风速，
55 3419.001003.110   5000  26.710 73.509999.90 11710  8.110999  999.9  99999  9.999  
55 3419.00 997.510  10000  26.210 73.809999.90 11610  8.110999  999.9  99999  9.999  
55 3419.00 991.810  15000  25.710 75.609999.90 11710  8.210999  999.9  99999  9.999  
55 3419.00 986.310  20000  25.210 76.209999.90 11710  8.610999  999.9  99999  9.999  
55 3419.00 980.710  25000  24.810 76.709999.90 12110  8.710999  999.9  99999  9.999  
55 3419.00 975.110  30000  24.310 78.009999.90 12210  9.010999  999.9  99999  9.999  
55 3419.00 969.610  35000  23.910 77.309999.90 12210  9.410999  999.9  99999  9.999  
55 3419.00 964.110  40000  23.510 77.209999.90 12210  9.710999  999.9  99999  9.999  
55 3419.00 958.610  45000  23.110 78.009999.90 12110  9.610999  999.9  99999  9.999  
55 3419.00 953.210  50000  22.610 79.909999.90 11810  9.410999  999.9  99999  9.999  
55 3419.00 947.810  55000  22.410 78.809999.90 11810  9.310999  999.9  99999  9.999  
55 3419.00 942.310  60000  22.310 74.009999.90 11510  9.710999  999.9  99999  9.999  
55 3419.00 937.010  65000  21.910 75.109999.90 11410  9.910999  999.9  99999  9.999  
55 3419.00 931.610  70000  21.410 77.609999.90 11310 10.710999  999.9  99999  9.999  
55 3419.00 926.310  75000  21.110 78.009999.90 11210 10.710999  999.9  99999  9.999  
55 3419.00 921.010  80000  21.010 74.209999.90 11110 10.510999  999.9  99999  9.999  
55 3419.00 915.710  85000  20.710 74.309999.90 10910  9.810999  999.9  99999  9.999  
55 3419.00 910.410  90000  21.310 58.209999.90 10710  8.910999  999.9  99999  9.999  
55 3419.00 905.210  95000  21.910 44.309999.90 10510  8.610999  999.9  99999  9.999  
55 3419.00 900.010 100000  21.610 48.109999.90 10310  8.410999  999.9  99999  9.999  
55 3419.00 894.910 105000  21.210 53.009999.90 09510  8.010999  999.9  99999  9.999  
55 3419.00 889.710 110000  21.110 51.809999.90 08910  7.610999  999.9  99999  9.999  
55 3419.00 884.610 115000  21.010 53.409999.90 08210  7.410999  999.9  99999  9.999  
55 3419.00 879.610 120000  20.810 55.309999.90 08010  7.610999  999.9  99999  9.999  
55 3419.00 874.510 125000  20.410 59.009999.90 08110  8.310999  999.9  99999  9.999  
55 3419.00 869.510 130000  20.110 60.609999.90 07910  8.810999  999.9  99999  9.999  
55 3419.00 864.510 135000  19.710 61.909999.90 07810  9.010999  999.9  99999  9.999  
55 3419.00 859.510 140000  19.310 62.509999.90 07910  9.410999  999.9  99999  9.999  
55 3419.00 854.510 145000  18.910 64.009999.90 08010  9.510999  999.9  99999  9.999  
55 3419.00 849.612 150000  18.510 65.009999.90 08210  9.310999  999.9  99999  9.999  
55 3419.00 844.612 155000  18.110 65.809999.90 08110  9.310999  999.9  99999  9.999  
55 3419.00 839.712 160000  17.710 66.809999.90 08010  9.210999  999.9  99999  9.999  
55 3419.00 834.912 165000  17.610 66.809999.90 07810 10.010999  999.9  99999  9.999  
55 3419.00 830.012 170000  17.610 64.609999.90 07410 11.210999  999.9  99999  9.999  
55 3419.00 825.212 175000  17.410 59.709999.90 07210 11.810999  999.9  99999  9.999  
55 3419.00 820.412 180000  16.910 61.509999.90 07110 12.410999  999.9  99999  9.999  
55 3419.00 815.612 185000  16.610 62.009999.90 07310 12.010999  999.9  99999  9.999  
55 3419.00 810.912 190000  16.410 61.409999.90 07910 12.310999  999.9  99999  9.999  
55 3419.00 806.112 195000  16.210 55.509999.90 08410 12.410999  999.9  99999  9.999  
55 3419.00 801.412 200000  15.810 53.409999.90 08810 13.110999  999.9  99999  9.999  
55 3419.00 796.712 205000  15.610 49.709999.90 09310 13.710999  999.9  99999  9.999  
55 3419.00 792.112 210000  15.410 42.209999.90 09510 14.210999  999.9  99999  9.999  
55 3419.00 787.412 215000  15.210 39.709999.90 09710 14.510999  999.9  99999  9.999  
55 3419.00 782.812 220000  14.910 42.009999.90 09910 14.610999  999.9  99999  9.999  
55 3419.00 778.212 225000  14.710 37.309999.90 10010 14.610999  999.9  99999  9.999  
55 3419.00 773.612 230000  14.310 39.709999.90 10210 14.110999  999.9  99999  9.999  
55 3419.00 769.112 235000  14.010 37.909999.90 10110 14.010999  999.9  99999  9.999  
55 3419.00 764.512 240000  13.610 36.609999.90 10110 13.510999  999.9  99999  9.999  
55 3419.00 760.012 245000  13.210 36.009999.90 10110 13.010999  999.9  99999  9.999  
55 3419.00 755.512 250000  12.710 36.009999.90 10210 12.510999  999.9  99999  9.999  
55 3419.00 751.012 255000  12.310 35.709999.90 10610 11.810999  999.9  99999  9.999  
55 3419.00 746.612 260000  11.910 35.809999.90 10710 11.610999  999.9  99999  9.999  
55 3419.00 742.112 265000  11.610 36.209999.90 10810 11.510999  999.9  99999  9.999  
55 3419.00 737.712 270000  11.410 35.609999.90 10510 11.010999  999.9  99999  9.999  
55 3419.00 733.312 275000  11.110 35.809999.90 10010 10.210999  999.9  99999  9.999  
55 3419.00 729.012 280000  10.710 35.709999.90 09710  9.610999  999.9  99999  9.999  
55 3419.00 724.612 285000  10.310 36.009999.90 09310  9.410999  999.9  99999  9.999  
55 3419.00 720.312 290000   9.910 36.809999.90 09110  9.310999  999.9  99999  9.999  
55 3419.00 716.012 295000   9.510 37.509999.90 09110  9.410999  999.9  99999  9.999  
55 3419.00 711.712 300000   9.210 38.809999.90 09010  9.610999  999.9  99999  9.999  
55 3419.00 707.412 305000   8.810 40.609999.90 09010  9.010999  999.9  99999  9.999  
55 3419.00 703.212 310000   8.510 41.409999.90 09110  8.010999  999.9  99999  9.999  
55 3419.00 698.912 315000   8.010 42.509999.90 09110  7.110999  999.9  99999  9.999  
55 3419.00 694.712 320000   7.610 46.009999.90 08410  5.910999  999.9  99999  9.999  
55 3419.00 690.512 325000   7.510 46.809999.90 07310  5.310999  999.9  99999  9.999  
55 3419.00 686.412 330000   7.510 42.009999.90 05310  4.210999  999.9  99999  9.999  
55 3419.00 682.212 335000   7.510 35.509999.90 02910  3.510999  999.9  99999  9.999  
55 3419.00 678.112 340000   7.410 28.809999.90 01110  3.210999  999.9  99999  9.999  
55 3419.00 674.012 345000   7.510 18.709999.90 35610  3.110999  999.9  99999  9.999  
55 3419.00 669.912 350000   7.810 11.009999.90 34610  3.110999  999.9  99999  9.999  
55 3419.00 665.912 355000   7.610  9.309999.90 34410  2.110999  999.9  99999  9.999  
55 3419.00 661.912 360000   7.610  8.009999.90 01010  0.810999  999.9  99999  9.999  
55 3419.00 657.912 365000   7.510  6.509999.90 15310  0.810999  999.9  99999  9.999  
55 3419.00 653.912 370000   7.410  5.709999.90 18710  1.210999  999.9  99999  9.999  
55 3419.00 649.912 375000   7.310  5.809999.90 23510  1.910999  999.9  99999  9.999  
55 3419.00 646.012 380000   7.110  6.909999.90 25110  3.410999  999.9  99999  9.999  
55 3419.00 642.112 385000   6.910  7.309999.90 25810  5.110999  999.9  99999  9.999  
55 3419.00 638.212 390000   7.110  6.909999.90 26310  6.710999  999.9  99999  9.999  
55 3419.00 634.312 395000   7.110 13.009999.90 26610  7.910999  999.9  99999  9.999  
55 3419.00 630.512 400000   6.910 17.509999.90 27110  8.510999  999.9  99999  9.999  
55 3419.00 626.712 405000   7.010 17.309999.90 27410  9.010999  999.9  99999  9.999  
55 3419.00 622.912 410000   6.710 19.909999.90 28010  8.610999  999.9  99999  9.999  
55 3419.00 619.112 415000   6.610 13.709999.90 28810  8.310999  999.9  99999  9.999  
55 3419.00 615.412 420000   5.910 25.409999.90 29610  7.910999  999.9  99999  9.999  
55 3419.00 611.612 425000   5.310 33.109999.90 30810  7.810999  999.9  99999  9.999  
55 3419.00 607.912 430000   4.610 45.509999.90 31010  7.610999  999.9  99999  9.999  
55 3419.00 604.212 435000   4.110 50.809999.90 30710  7.010999  999.9  99999  9.999  
55 3419.00 600.512 440000   3.910 48.109999.90 30310  6.610999  999.9  99999  9.999  
55 3419.00 596.812 445000   4.110 30.909999.90 29410  6.210999  999.9  99999  9.999  
55 3419.00 593.212 450000   4.010 21.409999.90 28610  6.310999  999.9  99999  9.999  
55 3419.00 589.612 455000   3.610 19.209999.90 28210  6.310999  999.9  99999  9.999  
55 3419.00 586.012 460000   3.210 17.409999.90 28210  6.410999  999.9  99999  9.999  
55 3419.00 582.412 465000   2.810 17.609999.90 28110  6.210999  999.9  99999  9.999  
55 3419.00 578.812 470000   2.410 15.609999.90 28010  6.310999  999.9  99999  9.999  
55 3419.00 575.212 475000   2.210 11.909999.90 28110  6.010999  999.9  99999  9.999  
55 3419.00 571.712 480000   2.010  7.909999.90 28210  5.510999  999.9  99999  9.999  
55 3419.00 568.212 485000   2.210  3.209999.90 28410  4.910999  999.9  99999  9.999  
55 3419.00 564.712 490000   2.410  4.809999.90 28210  4.910999  999.9  99999  9.999  
55 3419.00 561.212 495000   2.210 12.209999.90 27710  5.410999  999.9  99999  9.999  
55 3419.00 557.712 500000   1.810 15.909999.90 27010  5.710999  999.9  99999  9.999  
55 3419.00 554.312 505000   1.410 16.809999.90 26610  6.110999  999.9  99999  9.999  
55 3419.00 550.912 510000   0.910 18.009999.90 26710  6.010999  999.9  99999  9.999  
55 3419.00 547.412 515000   0.510 18.409999.90 26710  6.110999  999.9  99999  9.999  
55 3419.00 544.112 520000   0.010 18.809999.90 27110  6.810999  999.9  99999  9.999  
55 3419.00 540.712 525000  -0.410 19.209999.90 27210  6.910999  999.9  99999  9.999  
55 3419.00 537.312 530000  -1.010 19.709999.90 27410  7.110999  999.9  99999  9.999  
55 3419.00 534.012 535000  -1.410 20.309999.90 27510  6.910999  999.9  99999  9.999  
55 3419.00 530.612 540000  -1.910 20.809999.90 27710  6.810999  999.9  99999  9.999  
55 3419.00 527.312 545000  -2.410 21.209999.90 27710  6.810999  999.9  99999  9.999  
55 3419.00 524.012 550000  -2.910 21.609999.90 27510  6.510999  999.9  99999  9.999  
55 3419.00 520.712 555000  -3.410 22.509999.90 27410  6.510999  999.9  99999  9.999  
55 3419.00 517.512 560000  -3.910 23.109999.90 27710  6.510999  999.9  99999  9.999  
55 3419.00 514.212 565000  -4.310 23.109999.90 27410  6.210999  999.9  99999  9.999  
55 3419.00 510.912 570000  -4.810 22.009999.90 26810  6.810999  999.9  99999  9.999  
55 3419.00 507.712 575000  -5.110 19.209999.90 26410  6.910999  999.9  99999  9.999  
55 3419.00 504.512 580000  -5.510 16.609999.90 25210  6.910999  999.9  99999  9.999  
55 3419.00 501.312 585000  -5.610 12.909999.90 24510  7.310999  999.9  99999  9.999  
55 3419.00 498.112 590000  -5.510  9.109999.90 23810  7.310999  999.9  99999  9.999  
55 3419.00 495.012 595000  -5.410  5.409999.90 22910  7.510999  999.9  99999  9.999  
55 3419.00 491.812 600000  -5.710  3.409999.90 22110  7.710999  999.9  99999  9.999  
55 3419.00 488.712 605000  -5.810  2.809999.90 21410  7.510999  999.9  99999  9.999  
55 3419.00 485.612 610000  -5.810  2.409999.90 20410  6.710999  999.9  99999  9.999  
55 3419.00 482.512 615000  -6.210  2.209999.90 19210  5.510999  999.9  99999  9.999  
55 3419.00 479.512 620000  -6.510  2.209999.90 17710  4.110999  999.9  99999  9.999  
55 3419.00 476.412 625000  -6.910  2.209999.90 16810  3.010999  999.9  99999  9.999  
55 3419.00 473.412 630000  -7.210  2.309999.90 16610  2.110999  999.9  99999  9.999  
55 3419.00 470.412 635000  -7.610  2.309999.90 15510  1.910999  999.9  99999  9.999  
55 3419.00 467.412 640000  -8.110  2.509999.90 15210  1.910999  999.9  99999  9.999  
55 3419.00 464.412 645000  -8.610  2.609999.90 13710  2.210999  999.9  99999  9.999  
55 3419.00 461.412 650000  -9.010  2.709999.90 12710  3.010999  999.9  99999  9.999  
55 3419.00 458.412 655000  -9.510  2.809999.90 12810  3.310999  999.9  99999  9.999  
55 3419.00 455.512 660000 -10.010  3.009999.90 11710  3.010999  999.9  99999  9.999  
55 3419.00 452.612 665000 -10.510  3.109999.90 09210  2.510999  999.9  99999  9.999  
55 3419.00 449.612 670000 -10.110  3.109999.90 06510  2.810999  999.9  99999  9.999  
55 3419.00 446.712 675000 -10.110  2.809999.90 05210  4.210999  999.9  99999  9.999  
55 3419.00 443.912 680000 -10.010  2.509999.90 05510  5.110999  999.9  99999  9.999  
55 3419.00 441.012 685000  -9.610  2.409999.90 06110  6.110999  999.9  99999  9.999  
55 3419.00 438.212 690000  -9.810  2.609999.90 07210  6.610999  999.9  99999  9.999  
55 3419.00 435.312 695000 -10.110  3.009999.90 08210  6.610999  999.9  99999  9.999  
55 3419.00 432.512 700000 -10.510  3.509999.90 08810  7.110999  999.9  99999  9.999  
55 3419.00 429.712 705000 -10.910  3.909999.90 09410  7.610999  999.9  99999  9.999  
55 3419.00 427.012 710000 -11.110  4.309999.90 09410  8.010999  999.9  99999  9.999  
55 3419.00 424.212 715000 -11.410  4.509999.90 09110  8.010999  999.9  99999  9.999  
55 3419.00 421.512 720000 -11.710  4.609999.90 08610  7.910999  999.9  99999  9.999  
55 3419.00 418.712 725000 -12.010  4.309999.90 08410  7.710999  999.9  99999  9.999  
55 3419.00 416.012 730000 -12.410  4.209999.90 08610  7.110999  999.9  99999  9.999  
55 3419.00 413.312 735000 -12.710  4.209999.90 08410  7.110999  999.9  99999  9.999  
55 3419.00 410.612 740000 -13.110  4.209999.90 07810  7.410999  999.9  99999  9.999  
55 3419.00 407.912 745000 -13.310  4.309999.90 07410  7.110999  999.9  99999  9.999  
55 3419.00 405.312 750000 -13.510  4.209999.90 06510  6.810999  999.9  99999  9.999  
55 3419.00 402.612 755000 -13.810  4.409999.90 06010  6.510999  999.9  99999  9.999  
55 3419.00 400.012 760000 -14.110  4.909999.90 05610  6.010999  999.9  99999  9.999  
55 3419.00 397.412 765000 -14.510  5.809999.90 05510  5.410999  999.9  99999  9.999  
55 3419.00 394.812 770000 -14.910  6.609999.90 06210  5.510999  999.9  99999  9.999  
55 3419.00 392.212 775000 -15.310  7.009999.90 06210  5.510999  999.9  99999  9.999  
55 3419.00 389.612 780000 -15.810  7.109999.90 06710  5.410999  999.9  99999  9.999  
55 3419.00 387.012 785000 -16.210  7.209999.90 07410  5.610999  999.9  99999  9.999  
55 3419.00 384.512 790000 -16.710  7.409999.90 07610  5.210999  999.9  99999  9.999  
55 3419.00 381.912 795000 -17.210  7.609999.90 08510  4.610999  999.9  99999  9.999  
55 3419.00 379.412 800000 -17.610  7.509999.90 08810  3.910999  999.9  99999  9.999  
55 3419.00 376.912 805000 -17.910  6.809999.90 08910  2.810999  999.9  99999  9.999  
55 3419.00 374.412 810000 -18.410  6.609999.90 09210  2.310999  999.9  99999  9.999  
55 3419.00 371.912 815000 -18.810  7.509999.90 09810  2.710999  999.9  99999  9.999  
55 3419.00 369.412 820000 -19.210  8.209999.90 11110  3.710999  999.9  99999  9.999  
55 3419.00 367.012 825000 -19.610  9.309999.90 11610  5.210999  999.9  99999  9.999  
55 3419.00 364.512 830000 -19.510  8.609999.90 11510  6.210999  999.9  99999  9.999  
55 3419.00 362.112 835000 -19.710  7.109999.90 11210  6.310999  999.9  99999  9.999  
55 3419.00 359.712 840000 -20.010  6.309999.90 11010  6.510999  999.9  99999  9.999  
55 3419.00 357.212 845000 -20.410  5.909999.90 10810  6.210999  999.9  99999  9.999  
55 3419.00 354.812 850000 -20.810  5.609999.90 11410  5.410999  999.9  99999  9.999  
55 3419.00 352.512 855000 -21.210  5.509999.90 12110  4.910999  999.9  99999  9.999  
55 3419.00 350.112 860000 -21.410  5.509999.90 11810  4.410999  999.9  99999  9.999  
55 3419.00 347.712 865000 -21.710  5.309999.90 11210  4.510999  999.9  99999  9.999  
55 3419.00 345.412 870000 -22.010  5.309999.90 10910  5.110999  999.9  99999  9.999  
55 3419.00 343.112 875000 -22.410  5.209999.90 11010  5.510999  999.9  99999  9.999  
55 3419.00 340.712 880000 -22.610  5.009999.90 11210  5.710999  999.9  99999  9.999  
55 3419.00 338.412 885000 -22.910  4.809999.90 11410  5.910999  999.9  99999  9.999  
55 3419.00 336.212 890000 -23.310  4.709999.90 11210  5.710999  999.9  99999  9.999  
55 3419.00 333.912 895000 -23.610  4.609999.90 10410  5.210999  999.9  99999  9.999  
55 3419.00 331.612 900000 -24.110  4.709999.90 09810  4.910999  999.9  99999  9.999  
55 3419.00 329.312 905000 -24.510  4.709999.90 09510  4.610999  999.9  99999  9.999  
55 3419.00 327.112 910000 -25.010  4.809999.90 08610  4.410999  999.9  99999  9.999  
55 3419.00 324.912 915000 -25.410  5.009999.90 08010  4.510999  999.9  99999  9.999  
55 3419.00 322.612 920000 -25.710  5.109999.90 07410  5.510999  999.9  99999  9.999  
55 3419.00 320.412 925000 -26.010  5.309999.90 06610  6.310999  999.9  99999  9.999  
55 3419.00 318.212 930000 -26.410  5.709999.90 06310  6.810999  999.9  99999  9.999  
55 3419.00 316.112 935000 -26.810  6.409999.90 06210  7.410999  999.9  99999  9.999  
55 3419.00 313.912 940000 -27.310  7.309999.90 06010  7.710999  999.9  99999  9.999  
55 3419.00 311.712 945000 -27.710  8.209999.90 05610  7.710999  999.9  99999  9.999  
55 3419.00 309.612 950000 -28.210  9.109999.90 05410  7.710999  999.9  99999  9.999  
55 3419.00 307.412 955000 -28.710 10.009999.90 05110  7.710999  999.9  99999  9.999  
55 3419.00 305.312 960000 -29.210 10.709999.90 04910  7.610999  999.9  99999  9.999  
55 3419.00 303.212 965000 -29.610 11.409999.90 05110  7.310999  999.9  99999  9.999  
55 3419.00 301.112 970000 -30.110 12.309999.90 05410  7.110999  999.9  99999  9.999  
55 3419.00 299.012 975000 -30.610 12.809999.90 05610  7.310999  999.9  99999  9.999  
55 3419.00 296.912 980000 -31.110 13.409999.90 05810  7.310999  999.9  99999  9.999  
55 3419.00 294.812 985000 -31.610 14.009999.90 05810  7.410999  999.9  99999  9.999  
55 3419.00 292.712 990000 -32.010 14.409999.90 05610  7.710999  999.9  99999  9.999  
55 3419.00 290.712 995000 -32.510 14.809999.90 05810  8.410999  999.9  99999  9.999  
55 3419.00 288.6121000000 -32.810 14.709999.90 06110  9.010999  999.9  99999  9.999  
55 3419.00 286.6121005000 -33.110 14.709999.90 06010  9.810999  999.9  99999  9.999  
55 3419.00 284.6121010000 -33.710 15.009999.90 05910 10.910999  999.9  99999  9.999  
55 3419.00 282.6121015000 -34.010 15.209999.90 05910 11.910999  999.9  99999  9.999  
55 3419.00 280.6121020000 -34.210 15.209999.90 05810 12.410999  999.9  99999  9.999  
55 3419.00 278.6121025000 -34.510 14.909999.90 05610 13.010999  999.9  99999  9.999  
55 3419.00 276.6121030000 -34.710 14.209999.90 05710 12.910999  999.9  99999  9.999  
55 3419.00 274.6121035000 -35.110 13.809999.90 05910 12.210999  999.9  99999  9.999  
55 3419.00 272.7121040000 -35.510 13.909999.90 06210 11.110999  999.9  99999  9.999  
55 3419.00 270.7121045000 -35.710 13.709999.90 06610  9.910999  999.9  99999  9.999  
55 3419.00 268.8121050000 -36.010 13.609999.90 07010  9.110999  999.9  99999  9.999  
55 3419.00 266.9121055000 -36.410 13.609999.90 07410  8.810999  999.9  99999  9.999  
55 3419.00 265.0121060000 -36.910 13.509999.90 07610  8.910999  999.9  99999  9.999  
55 3419.00 263.1121065000 -37.310 13.509999.90 07610  8.710999  999.9  99999  9.999  
55 3419.00 261.2121070000 -37.810 13.609999.90 07610  8.110999  999.9  99999  9.999  
55 3419.00 259.3121075000 -38.310 13.609999.90 07510  6.910999  999.9  99999  9.999  
55 3419.00 257.4121080000 -38.710 13.709999.90 07610  6.010999  999.9  99999  9.999  
55 3419.00 255.6121085000 -39.110 13.809999.90 07910  5.410999  999.9  99999  9.999  
55 3419.00 253.7121090000 -39.610 14.009999.90 08110  5.210999  999.9  99999  9.999  
55 3419.00 251.9121095000 -40.010 14.309999.90 08310  5.510999  999.9  99999  9.999  
55 3419.00 250.1121100000 -40.510 14.509999.90 08610  6.210999  999.9  99999  9.999  
55 3419.00 248.2121105000 -40.910 14.709999.90 08510  6.410999  999.9  99999  9.999  
55 3419.00 246.4121110000 -41.410 14.909999.90 08510  6.710999  999.9  99999  9.999  
55 3419.00 244.6121115000 -41.810 15.209999.90 08910  6.810999  999.9  99999  9.999  
55 3419.00 242.8121120000 -42.310 15.409999.90 09210  6.810999  999.9  99999  9.999  
55 3419.00 241.1121125000 -42.710 15.509999.90 09410  6.910999  999.9  99999  9.999  
55 3419.00 239.3121130000 -43.110 15.709999.90 09610  7.210999  999.9  99999  9.999  
55 3419.00 237.5121135000 -43.310 15.809999.90 09510  7.610999  999.9  99999  9.999  
55 3419.00 235.8121140000 -43.710 15.709999.90 09510  7.710999  999.9  99999  9.999  
55 3419.00 234.0121145000 -44.110 15.709999.90 09610  7.710999  999.9  99999  9.999  
55 3419.00 232.3121150000 -44.510 15.609999.90 09810  7.610999  999.9  99999  9.999  
55 3419.00 230.6121155000 -44.910 15.409999.90 10110  7.510999  999.9  99999  9.999  
55 3419.00 228.9121160000 -45.310 15.209999.90 10410  7.110999  999.9  99999  9.999  
55 3419.00 227.2121165000 -45.810 15.209999.90 10710  5.910999  999.9  99999  9.999  
55 3419.00 225.5121170000 -46.310 15.109999.90 10910  5.210999  999.9  99999  9.999  
55 3419.00 223.8121175000 -46.710 15.109999.90 11110  4.610999  999.9  99999  9.999  
55 3419.00 222.1121180000 -47.110 15.209999.90 11610  4.210999  999.9  99999  9.999  
55 3419.00 220.5121185000 -47.510 15.309999.90 12210  4.110999  999.9  99999  9.999  
55 3419.00 218.8121190000 -47.810 15.209999.90 12110  4.110999  999.9  99999  9.999  
55 3419.00 217.2121195000 -48.110 15.209999.90 12310  4.110999  999.9  99999  9.999  
55 3419.00 215.5121200000 -48.610 15.209999.90 12310  4.110999  999.9  99999  9.999  
55 3419.00 213.9121205000 -49.010 15.109999.90 12210  4.410999  999.9  99999  9.999  
55 3419.00 212.3121210000 -49.310 15.009999.90 12210  4.610999  999.9  99999  9.999  
55 3419.00 210.7121215000 -49.710 14.909999.90 12110  4.810999  999.9  99999  9.999  
55 3419.00 209.1121220000 -50.212 14.809999.90 12010  5.210999  999.9  99999  9.999  
55 3419.00 207.5121225000 -50.712 14.909999.90 12110  5.510999  999.9  99999  9.999  
55 3419.00 205.9121230000 -51.112 15.109999.90 12110  5.810999  999.9  99999  9.999  
55 3419.00 204.4121235000 -51.612 15.209999.90 11910  6.210999  999.9  99999  9.999  
55 3419.00 202.8121240000 -52.112 15.509999.90 11910  6.510999  999.9  99999  9.999  
55 3419.00 201.2121245000 -52.612 15.809999.90 11810  6.610999  999.9  99999  9.999  
55 3419.00 199.7121250000 -53.112 16.209999.90 11410  6.610999  999.9  99999  9.999  
55 3419.00 198.2121255000 -53.512 16.809999.90 11110  6.510999  999.9  99999  9.999  
55 3419.00 196.6121260000 -53.912 17.209999.90 11010  6.410999  999.9  99999  9.999  
55 3419.00 195.1121265000 -54.312 17.709999.90 10810  6.310999  999.9  99999  9.999  
55 3419.00 193.6121270000 -54.812 18.209999.90 10610  6.310999  999.9  99999  9.999  
55 3419.00 192.1121275000 -55.212 18.709999.90 10510  6.410999  999.9  99999  9.999  
55 3419.00 190.6121280000 -55.512 19.009999.90 10110  6.310999  999.9  99999  9.999  
55 3419.00 189.1121285000 -55.912 19.109999.90 09710  6.510999  999.9  99999  9.999  
55 3419.00 187.7121290000 -56.312 19.409999.90 09410  6.710999  999.9  99999  9.999  
55 3419.00 186.2121295000 -56.812 19.809999.90 09210  6.810999  999.9  99999  9.999  
55 3419.00 184.7121300000 -57.312 20.109999.90 09010  6.810999  999.9  99999  9.999  
55 3419.00 183.3121305000 -57.812 20.409999.90 08910  7.010999  999.9  99999  9.999  
55 3419.00 181.9121310000 -58.212 20.609999.90 08810  7.110999  999.9  99999  9.999  
55 3419.00 180.4121315000 -58.712 20.909999.90 08710  7.310999  999.9  99999  9.999  
55 3419.00 179.0121320000 -59.212 21.209999.90 08610  7.310999  999.9  99999  9.999  
55 3419.00 177.6121325000 -59.612 21.409999.90 08410  7.010999  999.9  99999  9.999  
55 3419.00 176.2121330000 -60.012 21.809999.90 08010  7.010999  999.9  99999  9.999  
55 3419.00 174.8121335000 -60.512 22.109999.90 07810  7.010999  999.9  99999  9.999  
55 3419.00 173.4121340000 -60.912 22.409999.90 07510  6.910999  999.9  99999  9.999  
55 3419.00 172.0121345000 -61.412 22.809999.90 07110  7.110999  999.9  99999  9.999  
55 3419.00 170.6121350000 -61.812 23.209999.90 06810  7.410999  999.9  99999  9.999  
55 3419.00 169.3121355000 -62.312 23.709999.90 06710  7.710999  999.9  99999  9.999  
55 3419.00 167.9121360000 -62.712 24.209999.90 06710  8.110999  999.9  99999  9.999  
55 3419.00 166.6121365000 -63.112 24.609999.90 06710  8.410999  999.9  99999  9.999  
55 3419.00 165.2121370000 -63.612 25.009999.90 06810  8.710999  999.9  99999  9.999  
55 3419.00 163.9121375000 -64.112 25.409999.90 06910  9.210999  999.9  99999  9.999  
55 3419.00 162.6121380000 -64.512 25.909999.90 06910  9.410999  999.9  99999  9.999  
55 3419.00 161.2121385000 -65.012 26.509999.90 06810  9.510999  999.9  99999  9.999  
55 3419.00 159.9121390000 -65.412 26.809999.90 06710  9.610999  999.9  99999  9.999  
55 3419.00 158.6121395000 -65.912 27.309999.90 06510  9.910999  999.9  99999  9.999  
55 3419.00 157.3121400000 -66.412 27.609999.90 06410 10.210999  999.9  99999  9.999  
55 3419.00 156.0121405000 -66.912 28.009999.90 06410 10.510999  999.9  99999  9.999  
55 3419.00 154.8121410000 -67.412 28.609999.90 06210 10.910999  999.9  99999  9.999  
55 3419.00 153.5121415000 -67.912 29.109999.90 06010 11.110999  999.9  99999  9.999  
55 3419.00 152.2121420000 -68.312 29.709999.90 06010 11.010999  999.9  99999  9.999  
55 3419.00 151.0121425000 -68.812 30.209999.90 05910 10.710999  999.9  99999  9.999  
55 3419.00 149.7121430000 -69.212 30.809999.90 05610 10.610999  999.9  99999  9.999  
55 3419.00 148.5121435000 -69.712 31.109999.90 05510 10.510999  999.9  99999  9.999  
55 3419.00 147.2121440000 -70.112 31.609999.90 05510 10.510999  999.9  99999  9.999  
55 3419.00 146.0121445000 -70.512 32.109999.90 05510 10.710999  999.9  99999  9.999  
55 3419.00 144.8121450000 -70.812 32.409999.90 05510 11.110999  999.9  99999  9.999  
55 3419.00 143.6121455000 -70.912 32.409999.90 05510 12.010999  999.9  99999  9.999  
55 3419.00 142.4121460000 -71.212 32.709999.90 05510 12.710999  999.9  99999  9.999  
55 3419.00 141.2121465000 -71.512 33.009999.90 05510 13.410999  999.9  99999  9.999  
55 3419.00 140.0121470000 -71.912 33.509999.90 05510 14.210999  999.9  99999  9.999  
55 3419.00 138.8121475000 -72.412 34.009999.90 05510 14.910999  999.9  99999  9.999  
55 3419.00 137.7121480000 -72.812 34.409999.90 05610 15.310999  999.9  99999  9.999  
55 3419.00 136.5121485000 -73.212 34.609999.90 05710 15.610999  999.9  99999  9.999  
55 3419.00 135.4121490000 -73.512 34.809999.90 06010 16.110999  999.9  99999  9.999  
55 3419.00 134.2121495000 -73.812 35.209999.90 06310 16.410999  999.9  99999  9.999  
55 3419.00 133.1121500000 -73.912 35.109999.90 06510 16.610999  999.9  99999  9.999  
55 3419.00 131.9121505000 -74.312 35.409999.90 06610 16.910999  999.9  99999  9.999  
55 3419.00 130.8121510000 -74.712 36.009999.90 06610 17.210999  999.9  99999  9.999  
55 3419.00 129.7121515000 -74.912 36.209999.90 06710 17.410999  999.9  99999  9.999  
55 3419.00 128.6121520000 -75.312 36.409999.90 06810 17.610999  999.9  99999  9.999  
55 3419.00 127.5121525000 -75.612 36.509999.90 06910 17.710999  999.9  99999  9.999  
55 3419.00 126.4121530000 -76.212 37.009999.90 07010 17.710999  999.9  99999  9.999  
55 3419.00 125.3121535000 -76.612 37.409999.90 07010 17.610999  999.9  99999  9.999  
55 3419.00 124.3121540000 -77.012 37.809999.90 06910 17.110999  999.9  99999  9.999  
55 3419.00 123.2121545000 -77.312 38.109999.90 06810 16.510999  999.9  99999  9.999  
55 3419.00 122.1121550000 -77.612 38.209999.90 06710 16.010999  999.9  99999  9.999  
55 3419.00 121.1121555000 -77.912 38.209999.90 06510 15.810999  999.9  99999  9.999  
55 3419.00 120.0121560000 -78.012 38.309999.90 06610 15.810999  999.9  99999  9.999  
55 3419.00 119.0121565000 -78.012 38.209999.90 06710 15.810999  999.9  99999  9.999  
55 3419.00 117.9121570000 -78.312 38.409999.90 06810 15.910999  999.9  99999  9.999  
55 3419.00 116.9121575000 -78.812 38.709999.90 07110 15.910999  999.9  99999  9.999  
55 3419.00 115.9121580000 -79.112 38.909999.90 07410 16.410999  999.9  99999  9.999  
55 3419.00 114.9121585000 -78.812 38.209999.90 07710 17.110999  999.9  99999  9.999  
55 3419.00 113.9121590000 -79.012 38.509999.90 08010 18.110999  999.9  99999  9.999  
55 3419.00 112.9121595000 -79.312 39.009999.90 08010 18.810999  999.9  99999  9.999  
55 3419.00 111.9121600000 -79.512 39.209999.90 07910 19.210999  999.9  99999  9.999  
55 3419.00 111.0121605000 -79.712 39.309999.90 07810 19.710999  999.9  99999  9.999  
55 3419.00 110.0121610000 -80.012 39.309999.90 07610 20.310999  999.9  99999  9.999  
55 3419.00 109.0121615000 -80.212 39.609999.90 07310 21.010999  999.9  99999  9.999  
55 3419.00 108.1121620000 -80.312 39.409999.90 07110 21.610999  999.9  99999  9.999  
55 3419.00 107.1121625000 -80.412 39.509999.90 06910 22.510999  999.9  99999  9.999  
55 3419.00 106.2121630000 -80.312 39.109999.90 06510 22.810999  999.9  99999  9.999  
55 3419.00 105.3121635000 -79.912 38.609999.90 06210 22.610999  999.9  99999  9.999  
55 3419.00 104.3121640000 -78.812 37.509999.90 05710 21.610999  999.9  99999  9.999  
55 3419.00 103.4121645000 -78.212 37.009999.90 05310 20.110999  999.9  99999  9.999  
55 3419.00 102.5121650000 -77.512 36.609999.90 04910 18.210999  999.9  99999  9.999  
55 3419.00 101.7121655000 -76.412 35.609999.90 04510 15.910999  999.9  99999  9.999  
55 3419.00 100.8121660000 -75.912 35.509999.90 03910 13.310999  999.9  99999  9.999  
55 3419.00  99.9121665000 -75.312 35.309999.90 03210 10.510999  999.9  99999  9.999  
55 3419.00  99.1121670000 -74.612 34.909999.90 02510  8.110999  999.9  99999  9.999  
55 3419.00  98.2121675000 -74.212 34.809999.90 02010  6.210999  999.9  99999  9.999  
55 3419.00  97.4121680000 -74.112 35.209999.90 01910  3.510999  999.9  99999  9.999  
55 3419.00  96.6121685000 -74.012 35.509999.90 02910  1.210999  999.9  99999  9.999  
55 3419.00  95.8121690000 -74.112 35.709999.90 13410  0.510999  999.9  99999  9.999  
55 3419.00  94.9121695000 -74.212 35.809999.90 17310  2.210999  999.9  99999  9.999  
55 3419.00  94.1121700000 -74.412 36.309999.90 17810  4.210999  999.9  99999  9.999  
55 3419.00  93.3121705000 -74.712 36.609999.90 17710  5.610999  999.9  99999  9.999  
55 3419.00  92.5121710000 -74.912 36.809999.90 17210  7.110999  999.9  99999  9.999  
55 3419.00  91.8121715000 -74.612 36.109999.90 16710  8.910999  999.9  99999  9.999  
55 3419.00  91.0121720000 -74.812 36.309999.90 16310 10.410999  999.9  99999  9.999  
55 3419.00  90.2121725000 -75.112 36.509999.90 16010 11.810999  999.9  99999  9.999  
55 3419.00  89.4121730000 -75.412 36.909999.90 15710 12.910999  999.9  99999  9.999  
55 3419.00  88.7121735000 -75.812 37.109999.90 15510 13.510999  999.9  99999  9.999  
55 3419.00  87.9121740000 -76.212 37.209999.90 15110 14.010999  999.9  99999  9.999  
55 3419.00  87.2121745000 -76.612 37.309999.90 14610 14.110999  999.9  99999  9.999  
55 3419.00  86.4121750000 -76.912 37.309999.90 14010 14.010999  999.9  99999  9.999  
55 3419.00  85.7121755000 -76.712 36.709999.90 13210 13.410999  999.9  99999  9.999  
55 3419.00  84.9121760000 -76.312 36.009999.90 12210 12.610999  999.9  99999  9.999  
55 3419.00  84.2121765000 -75.912 35.509999.90 11110 11.710999  999.9  99999  9.999  
55 3419.00  83.5121770000 -74.812 34.309999.90 09910 10.910999  999.9  99999  9.999  
55 3419.00  82.8121775000 -74.312 34.009999.90 09010 10.610999  999.9  99999  9.999  
55 3419.00  82.1121780000 -74.212 34.109999.90 08510 10.310999  999.9  99999  9.999  
55 3419.00  81.4121785000 -74.012 34.209999.90 08310 10.510999  999.9  99999  9.999  
55 3419.00  80.7121790000 -73.712 34.009999.90 08410 10.610999  999.9  99999  9.999  
55 3419.00  80.0121795000 -73.612 34.109999.90 08210 10.610999  999.9  99999  9.999  
55 3419.00  79.3121800000 -72.712 33.109999.90 07810 10.410999  999.9  99999  9.999  
55 3419.00  78.7121805000 -72.712 33.309999.90 07010  9.810999  999.9  99999  9.999  
55 3419.00  78.0121810000 -72.712 33.609999.90 06010  9.610999  999.9  99999  9.999  
55 3419.00  77.3121815000 -72.612 33.509999.90 05110  9.810999  999.9  99999  9.999  
55 3419.00  76.7121820000 -72.712 33.609999.90 04410 10.110999  999.9  99999  9.999  
55 3419.00  76.0121825000 -72.712 33.709999.90 03810 10.610999  999.9  99999  9.999  
55 3419.00  75.4121830000 -72.712 33.509999.90 03310 10.710999  999.9  99999  9.999  
55 3419.00  74.8121835000 -72.512 33.209999.90 03010 10.310999  999.9  99999  9.999  
55 3419.00  74.1121840000 -72.312 33.009999.90 03010  9.310999  999.9  99999  9.999  
55 3419.00  73.5121845000 -72.412 33.109999.90 03310  8.610999  999.9  99999  9.999  
55 3419.00  72.9121850000 -72.412 32.809999.90 03710  8.210999  999.9  99999  9.999  
55 3419.00  72.3121855000 -72.212 32.609999.90 04210  8.110999  999.9  99999  9.999  
55 3419.00  71.7121860000 -72.312 32.609999.90 04610  8.210999  999.9  99999  9.999  
55 3419.00  71.1121865000 -72.612 32.909999.90 05010  8.110999  999.9  99999  9.999  
55 3419.00  70.5121870000 -72.912 33.009999.90 05610  8.310999  999.9  99999  9.999  
55 3419.00  69.9121875000 -72.812 32.709999.90 05910  8.610999  999.9  99999  9.999  
55 3419.00  69.3121880000 -72.412 31.909999.90 06310  8.810999  999.9  99999  9.999  
55 3419.00  68.7121885000 -72.112 31.509999.90 06510  9.010999  999.9  99999  9.999  
55 3419.00  68.1121890000 -72.212 31.509999.90 06810  8.810999  999.9  99999  9.999  
55 3419.00  67.6121895000 -72.312 31.709999.90 07310  8.710999  999.9  99999  9.999  
55 3419.00  67.0121900000 -72.312 31.509999.90 07610  9.210999  999.9  99999  9.999  
55 3419.00  66.4121905000 -72.212 31.309999.90 07910  9.610999  999.9  99999  9.999  
55 3419.00  65.9121910000 -72.412 31.509999.90 07810  9.810999  999.9  99999  9.999  
55 3419.00  65.3121915000 -71.812 30.709999.90 07510  9.410999  999.9  99999  9.999  
55 3419.00  64.8121920000 -71.312 30.209999.90 06810  8.510999  999.9  99999  9.999  
55 3419.00  64.2121925000 -71.312 30.009999.90 06110  8.610999  999.9  99999  9.999  
55 3419.00  63.7121930000 -70.812 29.409999.90 05610  9.510999  999.9  99999  9.999  
55 3419.00  63.2121935000 -69.712 28.409999.90 05310 10.710999  999.9  99999  9.999  
55 3419.00  62.7121940000 -69.112 27.909999.90 05210 11.610999  999.9  99999  9.999  
55 3419.00  62.1121945000 -69.312 28.309999.90 05210 11.610999  999.9  99999  9.999  
55 3419.00  61.6121950000 -69.212 28.309999.90 05210 11.010999  999.9  99999  9.999  
55 3419.00  61.1121955000 -69.212 28.509999.90 05610 10.310999  999.9  99999  9.999  
55 3419.00  60.6121960000 -69.212 28.309999.90 06310  9.910999  999.9  99999  9.999  
55 3419.00  60.1121965000 -68.812 27.809999.90 07110 10.010999  999.9  99999  9.999  
55 3419.00  59.6121970000 -68.612 27.509999.90 07710 10.510999  999.9  99999  9.999  
55 3419.00  59.1121975000 -68.412 27.309999.90 07910 11.110999  999.9  99999  9.999  
55 3419.00  58.6121980000 -68.612 27.409999.90 08010 11.310999  999.9  99999  9.999  
55 3419.00  58.2121985000 -68.812 27.609999.90 08010 11.110999  999.9  99999  9.999  
55 3419.00  57.7121990000 -69.312 28.009999.90 07910 10.710999  999.9  99999  9.999  
55 3419.00  57.2121995000 -69.812 28.209999.90 07710 10.110999  999.9  99999  9.999  
55 3419.00  56.7122000000 -70.212 28.309999.90 07610  9.710999  999.9  99999  9.999  
55 3419.00  56.2122005000 -70.712 28.409999.90 07710  9.410999  999.9  99999  9.999  
55 3419.00  55.8122010000 -70.712 28.009999.90 08110  9.610999  999.9  99999  9.999  
55 3419.00  55.3122015000 -70.512 27.309999.90 08710 10.510999  999.9  99999  9.999  
55 3419.00  54.9122020000 -70.112 26.609999.90 09210 11.710999  999.9  99999  9.999  
55 3419.00  54.4122025000 -69.812 26.309999.90 09510 13.210999  999.9  99999  9.999  
55 3419.00  53.9122030000 -69.412 25.609999.90 09710 14.310999  999.9  99999  9.999  
55 3419.00  53.5122035000 -69.512 25.909999.90 09910 15.010999  999.9  99999  9.999  
55 3419.00  53.1122040000 -69.512 25.709999.90 10110 15.610999  999.9  99999  9.999  
55 3419.00  52.6122045000 -69.212 25.409999.90 10210 15.910999  999.9  99999  9.999  
55 3419.00  52.2122050000 -69.112 25.109999.90 10310 15.910999  999.9  99999  9.999  
55 3419.00  51.8122055000 -68.312 24.309999.90 10310 16.010999  999.9  99999  9.999  
55 3419.00  51.3122060000 -67.712 23.909999.90 10310 16.110999  999.9  99999  9.999  
55 3419.00  50.9122065000 -67.012 23.309999.90 10210 16.310999  999.9  99999  9.999  
55 3419.00  50.5122070000 -66.712 23.109999.90 10110 16.810999  999.9  99999  9.999  
55 3419.00  50.1122075000 -65.912 22.509999.90 09810 17.310999  999.9  99999  9.999  
55 3419.00  49.7122080000 -65.212 22.009999.90 09410 17.710999  999.9  99999  9.999  
55 3419.00  49.3122085000 -65.512 22.409999.90 09110 18.010999  999.9  99999  9.999  
55 3419.00  48.9122090000 -65.912 22.809999.90 08810 18.010999  999.9  99999  9.999  
55 3419.00  48.5122095000 -66.312 23.009999.90 08710 17.810999  999.9  99999  9.999  
55 3419.00  48.1122100000 -66.012 22.809999.90 08710 17.310999  999.9  99999  9.999  
55 3419.00  47.7122105000 -65.512 22.109999.90 09110 16.710999  999.9  99999  9.999  
55 3419.00  47.3122110000 -64.712 21.409999.90 09610 16.510999  999.9  99999  9.999  
55 3419.00  46.9122115000 -64.012 20.709999.90 10110 16.710999  999.9  99999  9.999  
55 3419.00  46.5122120000 -63.812 20.609999.90 10510 17.210999  999.9  99999  9.999  
55 3419.00  46.2122125000 -63.812 20.709999.90 10810 17.910999  999.9  99999  9.999  
55 3419.00  45.8122130000 -63.812 20.709999.90 11010 18.710999  999.9  99999  9.999  
55 3419.00  45.4122135000 -63.912 20.609999.90 11110 19.710999  999.9  99999  9.999  
55 3419.00  45.1122140000 -64.012 20.509999.90 11110 20.410999  999.9  99999  9.999  
55 3419.00  44.7122145000 -64.212 20.509999.90 11010 20.810999  999.9  99999  9.999  
55 3419.00  44.3122150000 -64.412 20.409999.90 10910 21.010999  999.9  99999  9.999  
55 3419.00  44.0122155000 -64.512 20.209999.90 10610 21.110999  999.9  99999  9.999  
55 3419.00  43.6122160000 -64.212 19.809999.90 10410 21.410999  999.9  99999  9.999  
55 3419.00  43.3122165000 -64.312 19.509999.90 10210 21.710999  999.9  99999  9.999  
55 3419.00  42.9122170000 -64.112 19.209999.90 10010 22.110999  999.9  99999  9.999  
55 3419.00  42.6122175000 -63.612 18.609999.90 09810 22.410999  999.9  99999  9.999  
55 3419.00  42.2122180000 -62.812 18.009999.90 09710 22.710999  999.9  99999  9.999  
55 3419.00  41.9122185000 -62.212 17.509999.90 09510 23.210999  999.9  99999  9.999  
55 3419.00  41.6122190000 -61.212 16.909999.90 09510 23.710999  999.9  99999  9.999  
55 3419.00  41.2122195000 -60.312 16.309999.90 09710 24.110999  999.9  99999  9.999  
55 3419.00  40.9122200000 -59.512 16.009999.90 09910 24.210999  999.9  99999  9.999  
55 3419.00  40.6122205000 -58.412 15.509999.90 10210 24.310999  999.9  99999  9.999  
55 3419.00  40.3122210000 -58.412 15.509999.90 10410 24.410999  999.9  99999  9.999  
55 3419.00  40.0122215000 -58.412 15.509999.90 10410 24.310999  999.9  99999  9.999  
55 3419.00  39.6122220000 -58.512 15.509999.90 10510 24.310999  999.9  99999  9.999  
55 3419.00  39.3122225000 -58.712 15.409999.90 10710 24.310999  999.9  99999  9.999  
55 3419.00  39.0122230000 -59.012 15.309999.90 10910 24.410999  999.9  99999  9.999  
55 3419.00  38.7122235000 -59.112 15.109999.90 11110 24.810999  999.9  99999  9.999  
55 3419.00  38.4122240000 -59.212 14.909999.90 11310 25.210999  999.9  99999  9.999  
55 3419.00  38.1122245000 -59.312 14.809999.90 11310 25.810999  999.9  99999  9.999  
55 3419.00  37.8122250000 -59.012 14.309999.90 11310 26.110999  999.9  99999  9.999  
55 3419.00  37.5122255000 -58.912 13.909999.90 11010 26.210999  999.9  99999  9.999  
53 3419.00  37.2122260000 -58.112 13.409999.90 10510 26.410999  999.9  99999  9.999  
